92438491697
108716622809
83075809131
98029790685
106102063975
3408083110344600
76322662982
58713807451
58910726039
111426814781
101793648446
83267192150
94617606085
6350445458
93235386910
86576605691
57919043729
64924168689
61002725169
105075390754
4498790868858228
61279845961
110597699199
92774126940
2150266338020829
96392803790
96439419199
111130524206
72092966986
98351247903
848456505900387
59613940436
97739459739
56046073507
86603076124
98052223987
63075266947
99432364148
87269012777
103035627714
54882572512
74839289630
83102459266
59069879140
88850665617
97674373694
84251941922
79165735999
59425735996
80812090202
58535132936
50274977498
78297583913
60831340756
85264891763
59040651467
72786810860
61011266623
110955561051
58325035431
105927636273
86972112587
62024144553
93399040812
58944265781
56630472225
77669243142
50274977498
88784318612
95564265143
86314100721
75286893728
93602446020
82407619912
84492244869
83267192150
80812090202
74930721117
88445518961
58758728628
84380163135
78782477195
6693668509
59756036199
59613940436
87701259337
84251941922
63075266947
84990209480
58226999222
63482523084
69132220176
72221135360
62213791214
87643854330
59088712562
56829099646024
99437313620
93922552059
3355315048819323
65038795143
60145192785
98958052251
97653947555
105182739636
85950401751
64465038339
108792210345
102895394852
106753784032
223950151365415
108802560229
57593508196
56966230460
83853820964
59431997039
58452032521
73706659849
59375007833
58078054954
72074143063
99955971959
470225880616072
61822291465
107822973343
61275528964
109280400184
102687723564
998003159868759
3161841262667812
1772068137864787
62209962696
85089670734
59126404656
103145813047
59694738592
360229032702158
61176912743
64909570659
59413254450
2387760033046212
59824821009
108244924674
82327894943
927583046739879
1455405232823816
487805705523805
52867275574
96304083542
11605447476
4076579060193726
93558109386
70687191392
59918693978
106896673843
59476374291
100958424866
67695658884
105146969772
96772914249
962802215037134
3742370014957581
2097487648664087
71030878172
68081924846
66393891496
105158978304
59864823762
1868792390494247
105026707476
945204944966211
3759926850617939
65993745490
56904290975
96668082535
97573346292
63214969345
109146120452
111403748501
58674039179
66616404620
87626876887
57045199235
786881985126158
3091463731414188
61234952305
103797764220
99654679581
104966932285
3702754286254440
105096072425
82811308299
62843252671
100481544392
1341043176898839
2246994507870219
98524936524
110943297288
95828999102
93529573813
63748346024
57945622338
99854964202
77401702051
88514957780
61189430549
4094225783465144
61835573417
104673034824
1666452067989678
60438820055
3109064133066110
80154502088
71665628301
59653561226
694480270291214
76140796709
71237456060
98680217165
96312167006
58606292471
100187972824
86539030095
62428962008
1842401287350254
98669391839
69721760111
61187361296
101677224234
91714143763
64818704978
87444978022
53399135078
96917501962
102080773196
63078050616
71062510543
101825990235
60621259136
111549854236
2009531968130731
105578731208
84711939396
101245409412
4037408733101
96085636977
98524936524
104255897823
66598046050
85622422995
69721760111
104200753636
85679114980
107948423431
106038582479
86810609464
77105683569
85665026594
93684191930
100842299406
103382120775
100254010684
80628934230
62510259073
